link,n0,n465,1
link,n0,n71,1
link,n0,n476,1
link,n1,n76,1
link,n1,n461,1
link,n1,n137,1
link,n2,n331,1
link,n2,n283,1
link,n2,n111,1
link,n3,n393,1
link,n3,n459,1
link,n3,n345,1
link,n4,n90,1
link,n4,n497,1
link,n4,n432,1
link,n5,n430,1
link,n5,n61,1
link,n5,n65,1
link,n6,n318,1
link,n6,n100,1
link,n6,n304,1
link,n7,n190,1
link,n7,n480,1
link,n7,n154,1
link,n8,n306,1
link,n8,n314,1
link,n8,n340,1
link,n9,n345,1
link,n9,n45,1
link,n9,n37,1
link,n10,n358,1
link,n10,n340,1
link,n10,n180,1
link,n11,n418,1
link,n11,n496,1
link,n11,n36,1
link,n12,n148,1
link,n12,n414,1
link,n12,n105,1
link,n13,n382,1
link,n13,n12,1
link,n13,n126,1
link,n14,n255,1
link,n14,n138,1
link,n14,n301,1
link,n15,n174,1
link,n15,n55,1
link,n15,n61,1
link,n16,n375,1
link,n16,n442,1
link,n16,n199,1
link,n17,n226,1
link,n17,n408,1
link,n17,n231,1
link,n18,n420,1
link,n18,n423,1
link,n18,n354,1
link,n19,n160,1
link,n19,n318,1
link,n19,n297,1
link,n20,n315,1
link,n20,n458,1
link,n20,n468,1
link,n21,n251,1
link,n21,n394,1
link,n21,n319,1
link,n22,n127,1
link,n22,n143,1
link,n22,n222,1
link,n23,n386,1
link,n23,n302,1
link,n23,n372,1
link,n24,n257,1
link,n24,n133,1
link,n24,n102,1
link,n25,n160,1
link,n25,n310,1
link,n25,n431,1
link,n26,n285,1
link,n26,n121,1
link,n26,n394,1
link,n27,n291,1
link,n27,n256,1
link,n27,n380,1
link,n28,n276,1
link,n28,n385,1
link,n28,n433,1
link,n29,n441,1
link,n29,n236,1
link,n29,n23,1
link,n30,n219,1
link,n30,n140,1
link,n30,n425,1
link,n31,n287,1
link,n31,n13,1
link,n31,n132,1
link,n32,n479,1
link,n32,n404,1
link,n32,n136,1
link,n33,n262,1
link,n33,n47,1
link,n33,n178,1
link,n34,n392,1
link,n34,n287,1
link,n34,n301,1
link,n35,n454,1
link,n35,n232,1
link,n35,n106,1
link,n36,n104,1
link,n36,n414,1
link,n36,n334,1
link,n37,n211,1
link,n37,n166,1
link,n37,n65,1
link,n38,n442,1
link,n38,n201,1
link,n38,n386,1
link,n39,n146,1
link,n39,n57,1
link,n39,n443,1
link,n40,n393,1
link,n40,n303,1
link,n40,n217,1
link,n41,n486,1
link,n41,n444,1
link,n41,n455,1
link,n42,n486,1
link,n42,n181,1
link,n42,n139,1
link,n43,n71,1
link,n43,n350,1
link,n43,n56,1
link,n44,n470,1
link,n44,n53,1
link,n44,n473,1
link,n45,n386,1
link,n45,n226,1
link,n45,n86,1
link,n46,n222,1
link,n46,n197,1
link,n46,n332,1
link,n47,n410,1
link,n47,n278,1
link,n47,n206,1
link,n48,n242,1
link,n48,n245,1
link,n48,n144,1
link,n49,n240,1
link,n49,n219,1
link,n49,n204,1
link,n50,n488,1
link,n50,n75,1
link,n50,n114,1
link,n51,n5,1
link,n51,n396,1
link,n51,n8,1
link,n52,n361,1
link,n52,n58,1
link,n52,n153,1
link,n53,n149,1
link,n53,n425,1
link,n53,n14,1
link,n54,n240,1
link,n54,n357,1
link,n54,n20,1
link,n55,n84,1
link,n55,n430,1
link,n55,n65,1
link,n56,n430,1
link,n56,n458,1
link,n56,n190,1
link,n57,n1,1
link,n57,n452,1
link,n57,n181,1
link,n58,n376,1
link,n58,n206,1
link,n58,n367,1
link,n59,n30,1
link,n59,n208,1
link,n59,n360,1
link,n60,n6,1
link,n60,n463,1
link,n60,n347,1
link,n61,n141,1
link,n61,n2,1
link,n61,n478,1
link,n62,n150,1
link,n62,n486,1
link,n62,n39,1
link,n63,n118,1
link,n63,n142,1
link,n63,n429,1
link,n64,n60,1
link,n64,n229,1
link,n64,n153,1
link,n65,n111,1
link,n65,n279,1
link,n65,n67,1
link,n66,n235,1
link,n66,n260,1
link,n66,n253,1
link,n67,n108,1
link,n67,n370,1
link,n67,n457,1
link,n68,n5,1
link,n68,n82,1
link,n68,n401,1
link,n69,n46,1
link,n69,n282,1
link,n69,n62,1
link,n70,n34,1
link,n70,n272,1
link,n70,n338,1
link,n71,n114,1
link,n71,n340,1
link,n71,n266,1
link,n72,n270,1
link,n72,n187,1
link,n72,n313,1
link,n73,n135,1
link,n73,n253,1
link,n73,n235,1
link,n74,n228,1
link,n74,n11,1
link,n74,n201,1
link,n75,n285,1
link,n75,n342,1
link,n75,n117,1
link,n76,n143,1
link,n76,n63,1
link,n76,n426,1
link,n77,n79,1
link,n77,n265,1
link,n77,n289,1
link,n78,n456,1
link,n78,n287,1
link,n78,n328,1
link,n79,n327,1
link,n79,n2,1
link,n79,n367,1
link,n80,n482,1
link,n80,n252,1
link,n80,n396,1
link,n81,n490,1
link,n81,n250,1
link,n81,n259,1
link,n82,n80,1
link,n82,n289,1
link,n82,n51,1
link,n83,n45,1
link,n83,n133,1
link,n83,n151,1
link,n84,n151,1
link,n84,n309,1
link,n84,n117,1
link,n85,n480,1
link,n85,n355,1
link,n85,n434,1
link,n86,n23,1
link,n86,n241,1
link,n86,n276,1
link,n87,n196,1
link,n87,n249,1
link,n87,n484,1
link,n88,n253,1
link,n88,n178,1
link,n88,n351,1
link,n89,n0,1
link,n89,n286,1
link,n89,n175,1
link,n90,n462,1
link,n90,n488,1
link,n90,n20,1
link,n91,n468,1
link,n91,n494,1
link,n91,n192,1
link,n92,n380,1
link,n92,n445,1
link,n92,n358,1
link,n93,n191,1
link,n93,n17,1
link,n93,n61,1
link,n94,n179,1
link,n94,n360,1
link,n94,n322,1
link,n95,n145,1
link,n95,n334,1
link,n95,n359,1
link,n96,n273,1
link,n96,n228,1
link,n96,n166,1
link,n97,n109,1
link,n97,n170,1
link,n97,n204,1
link,n98,n244,1
link,n98,n56,1
link,n98,n266,1
link,n99,n225,1
link,n99,n167,1
link,n99,n314,1
link,n100,n167,1
link,n100,n459,1
link,n100,n170,1
link,n101,n89,1
link,n101,n21,1
link,n101,n288,1
link,n102,n359,1
link,n102,n492,1
link,n102,n322,1
link,n103,n435,1
link,n103,n92,1
link,n103,n313,1
link,n104,n415,1
link,n104,n55,1
link,n104,n484,1
link,n105,n431,1
link,n105,n109,1
link,n105,n127,1
link,n106,n295,1
link,n106,n299,1
link,n106,n6,1
link,n107,n192,1
link,n107,n21,1
link,n107,n180,1
link,n108,n120,1
link,n108,n77,1
link,n108,n46,1
link,n109,n210,1
link,n109,n107,1
link,n109,n349,1
link,n110,n196,1
link,n110,n458,1
link,n110,n493,1
link,n111,n446,1
link,n111,n254,1
link,n111,n496,1
link,n112,n185,1
link,n112,n313,1
link,n112,n116,1
link,n113,n464,1
link,n113,n55,1
link,n113,n316,1
link,n114,n407,1
link,n114,n382,1
link,n114,n342,1
link,n115,n317,1
link,n115,n378,1
link,n115,n137,1
link,n116,n326,1
link,n116,n425,1
link,n116,n11,1
link,n117,n308,1
link,n117,n442,1
link,n117,n435,1
link,n118,n62,1
link,n118,n312,1
link,n118,n160,1
link,n119,n438,1
link,n119,n65,1
link,n119,n497,1
link,n120,n356,1
link,n120,n486,1
link,n120,n235,1
link,n121,n19,1
link,n121,n202,1
link,n121,n42,1
link,n122,n469,1
link,n122,n156,1
link,n122,n286,1
link,n123,n419,1
link,n123,n396,1
link,n123,n106,1
link,n124,n160,1
link,n124,n157,1
link,n124,n347,1
link,n125,n197,1
link,n125,n389,1
link,n125,n414,1
link,n126,n430,1
link,n126,n74,1
link,n126,n275,1
link,n127,n51,1
link,n127,n237,1
link,n127,n54,1
link,n128,n13,1
link,n128,n431,1
link,n128,n122,1
link,n129,n446,1
link,n129,n215,1
link,n129,n263,1
link,n130,n376,1
link,n130,n373,1
link,n130,n46,1
link,n131,n356,1
link,n131,n105,1
link,n131,n430,1
link,n132,n150,1
link,n132,n373,1
link,n132,n206,1
link,n133,n209,1
link,n133,n217,1
link,n133,n370,1
link,n134,n322,1
link,n134,n305,1
link,n134,n239,1
link,n135,n248,1
link,n135,n235,1
link,n135,n462,1
link,n136,n73,1
link,n136,n232,1
link,n136,n255,1
link,n137,n142,1
link,n137,n376,1
link,n137,n16,1
link,n138,n302,1
link,n138,n471,1
link,n138,n104,1
link,n139,n423,1
link,n139,n348,1
link,n139,n280,1
link,n140,n177,1
link,n140,n378,1
link,n140,n251,1
link,n141,n140,1
link,n141,n308,1
link,n141,n270,1
link,n142,n433,1
link,n142,n146,1
link,n142,n62,1
link,n143,n453,1
link,n143,n242,1
link,n143,n162,1
link,n144,n419,1
link,n144,n496,1
link,n144,n472,1
link,n145,n168,1
link,n145,n16,1
link,n145,n470,1
link,n146,n380,1
link,n146,n69,1
link,n146,n150,1
link,n147,n84,1
link,n147,n212,1
link,n147,n497,1
link,n148,n98,1
link,n148,n371,1
link,n148,n118,1
link,n149,n15,1
link,n149,n340,1
link,n149,n131,1
link,n150,n373,1
link,n150,n323,1
link,n150,n196,1
link,n151,n382,1
link,n151,n459,1
link,n151,n397,1
link,n152,n437,1
link,n152,n91,1
link,n152,n279,1
link,n153,n1,1
link,n153,n240,1
link,n153,n359,1
link,n154,n202,1
link,n154,n40,1
link,n154,n139,1
link,n155,n81,1
link,n155,n467,1
link,n155,n191,1
link,n156,n119,1
link,n156,n121,1
link,n156,n105,1
link,n157,n487,1
link,n157,n28,1
link,n157,n428,1
link,n158,n307,1
link,n158,n198,1
link,n158,n351,1
link,n159,n150,1
link,n159,n328,1
link,n159,n179,1
link,n160,n401,1
link,n160,n371,1
link,n160,n81,1
link,n161,n198,1
link,n161,n479,1
link,n161,n107,1
link,n162,n21,1
link,n162,n378,1
link,n162,n414,1
link,n163,n49,1
link,n163,n252,1
link,n163,n314,1
link,n164,n194,1
link,n164,n72,1
link,n164,n14,1
link,n165,n10,1
link,n165,n491,1
link,n165,n352,1
link,n166,n272,1
link,n166,n495,1
link,n166,n274,1
link,n167,n80,1
link,n167,n298,1
link,n167,n206,1
link,n168,n105,1
link,n168,n251,1
link,n168,n289,1
link,n169,n313,1
link,n169,n240,1
link,n169,n250,1
link,n170,n311,1
link,n170,n10,1
link,n170,n320,1
link,n171,n400,1
link,n171,n139,1
link,n171,n220,1
link,n172,n482,1
link,n172,n381,1
link,n172,n167,1
link,n173,n174,1
link,n173,n196,1
link,n173,n204,1
link,n174,n125,1
link,n174,n419,1
link,n174,n361,1
link,n175,n316,1
link,n175,n461,1
link,n175,n269,1
link,n176,n468,1
link,n176,n302,1
link,n176,n219,1
link,n177,n153,1
link,n177,n297,1
link,n177,n393,1
link,n178,n153,1
link,n178,n336,1
link,n178,n185,1
link,n179,n394,1
link,n179,n6,1
link,n179,n7,1
link,n180,n113,1
link,n180,n417,1
link,n180,n335,1
link,n181,n55,1
link,n181,n275,1
link,n181,n268,1
link,n182,n103,1
link,n182,n479,1
link,n182,n457,1
link,n183,n22,1
link,n183,n393,1
link,n183,n239,1
link,n184,n380,1
link,n184,n187,1
link,n184,n461,1
link,n185,n326,1
link,n185,n104,1
link,n185,n0,1
link,n186,n290,1
link,n186,n238,1
link,n186,n442,1
link,n187,n4,1
link,n187,n121,1
link,n187,n283,1
link,n188,n106,1
link,n188,n15,1
link,n188,n213,1
link,n189,n464,1
link,n189,n227,1
link,n189,n280,1
link,n190,n223,1
link,n190,n300,1
link,n190,n139,1
link,n191,n420,1
link,n191,n356,1
link,n191,n169,1
link,n192,n336,1
link,n192,n250,1
link,n192,n271,1
link,n193,n478,1
link,n193,n358,1
link,n193,n376,1
link,n194,n498,1
link,n194,n386,1
link,n194,n269,1
link,n195,n314,1
link,n195,n109,1
link,n195,n350,1
link,n196,n172,1
link,n196,n434,1
link,n196,n173,1
link,n197,n473,1
link,n197,n153,1
link,n197,n435,1
link,n198,n48,1
link,n198,n253,1
link,n198,n276,1
link,n199,n424,1
link,n199,n409,1
link,n199,n438,1
link,n200,n178,1
link,n200,n317,1
link,n200,n111,1
link,n201,n100,1
link,n201,n319,1
link,n201,n492,1
link,n202,n85,1
link,n202,n137,1
link,n202,n5,1
link,n203,n299,1
link,n203,n182,1
link,n203,n331,1
link,n204,n102,1
link,n204,n197,1
link,n204,n64,1
link,n205,n299,1
link,n205,n306,1
link,n205,n290,1
link,n206,n140,1
link,n206,n164,1
link,n206,n197,1
link,n207,n255,1
link,n207,n314,1
link,n207,n287,1
link,n208,n257,1
link,n208,n125,1
link,n208,n215,1
link,n209,n294,1
link,n209,n184,1
link,n209,n386,1
link,n210,n467,1
link,n210,n468,1
link,n210,n57,1
link,n211,n44,1
link,n211,n371,1
link,n211,n333,1
link,n212,n16,1
link,n212,n53,1
link,n212,n34,1
link,n213,n293,1
link,n213,n222,1
link,n213,n224,1
link,n214,n450,1
link,n214,n96,1
link,n214,n477,1
link,n215,n62,1
link,n215,n488,1
link,n215,n284,1
link,n216,n163,1
link,n216,n322,1
link,n216,n482,1
link,n217,n366,1
link,n217,n285,1
link,n217,n312,1
link,n218,n447,1
link,n218,n211,1
link,n218,n246,1
link,n219,n108,1
link,n219,n166,1
link,n219,n282,1
link,n220,n15,1
link,n220,n167,1
link,n220,n371,1
link,n221,n335,1
link,n221,n233,1
link,n221,n48,1
link,n222,n319,1
link,n222,n407,1
link,n222,n41,1
link,n223,n11,1
link,n223,n263,1
link,n223,n304,1
link,n224,n276,1
link,n224,n449,1
link,n224,n82,1
link,n225,n235,1
link,n225,n457,1
link,n225,n122,1
link,n226,n318,1
link,n226,n102,1
link,n226,n378,1
link,n227,n342,1
link,n227,n360,1
link,n227,n127,1
link,n228,n267,1
link,n228,n309,1
link,n228,n337,1
link,n229,n402,1
link,n229,n320,1
link,n229,n405,1
link,n230,n396,1
link,n230,n422,1
link,n230,n94,1
link,n231,n309,1
link,n231,n235,1
link,n231,n324,1
link,n232,n439,1
link,n232,n106,1
link,n232,n454,1
link,n233,n46,1
link,n233,n154,1
link,n233,n2,1
link,n234,n118,1
link,n234,n389,1
link,n234,n325,1
link,n235,n464,1
link,n235,n336,1
link,n235,n413,1
link,n236,n277,1
link,n236,n431,1
link,n236,n412,1
link,n237,n152,1
link,n237,n117,1
link,n237,n165,1
link,n238,n245,1
link,n238,n402,1
link,n238,n130,1
link,n239,n276,1
link,n239,n497,1
link,n239,n17,1
link,n240,n372,1
link,n240,n216,1
link,n240,n327,1
link,n241,n448,1
link,n241,n338,1
link,n241,n245,1
link,n242,n45,1
link,n242,n164,1
link,n242,n48,1
link,n243,n358,1
link,n243,n217,1
link,n243,n386,1
link,n244,n446,1
link,n244,n191,1
link,n244,n469,1
link,n245,n114,1
link,n245,n278,1
link,n245,n325,1
link,n246,n96,1
link,n246,n395,1
link,n246,n170,1
link,n247,n178,1
link,n247,n124,1
link,n247,n7,1
link,n248,n8,1
link,n248,n62,1
link,n248,n489,1
link,n249,n255,1
link,n249,n349,1
link,n249,n18,1
link,n250,n162,1
link,n250,n339,1
link,n250,n437,1
link,n251,n207,1
link,n251,n185,1
link,n251,n203,1
link,n252,n194,1
link,n252,n139,1
link,n252,n107,1
link,n253,n420,1
link,n253,n235,1
link,n253,n115,1
link,n254,n389,1
link,n254,n480,1
link,n254,n455,1
link,n255,n158,1
link,n255,n492,1
link,n255,n499,1
link,n256,n176,1
link,n256,n27,1
link,n256,n399,1
link,n257,n445,1
link,n257,n138,1
link,n257,n245,1
link,n258,n192,1
link,n258,n47,1
link,n258,n466,1
link,n259,n68,1
link,n259,n245,1
link,n259,n186,1
link,n260,n26,1
link,n260,n125,1
link,n260,n437,1
link,n261,n291,1
link,n261,n71,1
link,n261,n98,1
link,n262,n318,1
link,n262,n478,1
link,n262,n440,1
link,n263,n24,1
link,n263,n168,1
link,n263,n206,1
link,n264,n219,1
link,n264,n3,1
link,n264,n382,1
link,n265,n486,1
link,n265,n159,1
link,n265,n165,1
link,n266,n414,1
link,n266,n437,1
link,n266,n54,1
link,n267,n200,1
link,n267,n275,1
link,n267,n379,1
link,n268,n41,1
link,n268,n110,1
link,n268,n57,1
link,n269,n124,1
link,n269,n131,1
link,n269,n147,1
link,n270,n472,1
link,n270,n288,1
link,n270,n185,1
link,n271,n8,1
link,n271,n46,1
link,n271,n404,1
link,n272,n348,1
link,n272,n491,1
link,n272,n150,1
link,n273,n102,1
link,n273,n234,1
link,n273,n372,1
link,n274,n151,1
link,n274,n248,1
link,n274,n30,1
link,n275,n212,1
link,n275,n27,1
link,n275,n283,1
link,n276,n383,1
link,n276,n433,1
link,n276,n66,1
link,n277,n425,1
link,n277,n309,1
link,n277,n94,1
link,n278,n115,1
link,n278,n425,1
link,n278,n63,1
link,n279,n21,1
link,n279,n312,1
link,n279,n166,1
link,n280,n342,1
link,n280,n113,1
link,n280,n371,1
link,n281,n353,1
link,n281,n240,1
link,n281,n299,1
link,n282,n459,1
link,n282,n333,1
link,n282,n303,1
link,n283,n324,1
link,n283,n16,1
link,n283,n6,1
link,n284,n149,1
link,n284,n78,1
link,n284,n70,1
link,n285,n361,1
link,n285,n410,1
link,n285,n358,1
link,n286,n383,1
link,n286,n79,1
link,n286,n378,1
link,n287,n13,1
link,n287,n42,1
link,n287,n57,1
link,n288,n336,1
link,n288,n317,1
link,n288,n394,1
link,n289,n397,1
link,n289,n159,1
link,n289,n241,1
link,n290,n374,1
link,n290,n385,1
link,n290,n41,1
link,n291,n315,1
link,n291,n487,1
link,n291,n2,1
link,n292,n468,1
link,n292,n108,1
link,n292,n16,1
link,n293,n120,1
link,n293,n478,1
link,n293,n95,1
link,n294,n382,1
link,n294,n92,1
link,n294,n184,1
link,n295,n70,1
link,n295,n96,1
link,n295,n114,1
link,n296,n190,1
link,n296,n179,1
link,n296,n229,1
link,n297,n141,1
link,n297,n86,1
link,n297,n317,1
link,n298,n257,1
link,n298,n193,1
link,n298,n161,1
link,n299,n385,1
link,n299,n426,1
link,n299,n370,1
link,n300,n163,1
link,n300,n322,1
link,n300,n442,1
link,n301,n201,1
link,n301,n342,1
link,n301,n344,1
link,n302,n278,1
link,n302,n342,1
link,n302,n306,1
link,n303,n470,1
link,n303,n58,1
link,n303,n90,1
link,n304,n410,1
link,n304,n467,1
link,n304,n35,1
link,n305,n303,1
link,n305,n166,1
link,n305,n391,1
link,n306,n403,1
link,n306,n268,1
link,n306,n345,1
link,n307,n264,1
link,n307,n492,1
link,n307,n248,1
link,n308,n385,1
link,n308,n139,1
link,n308,n73,1
link,n309,n108,1
link,n309,n377,1
link,n309,n72,1
link,n310,n45,1
link,n310,n139,1
link,n310,n152,1
link,n311,n167,1
link,n311,n68,1
link,n311,n75,1
link,n312,n451,1
link,n312,n75,1
link,n312,n289,1
link,n313,n3,1
link,n313,n77,1
link,n313,n328,1
link,n314,n214,1
link,n314,n327,1
link,n314,n444,1
link,n315,n330,1
link,n315,n160,1
link,n315,n311,1
link,n316,n359,1
link,n316,n12,1
link,n316,n175,1
link,n317,n439,1
link,n317,n376,1
link,n317,n459,1
link,n318,n354,1
link,n318,n215,1
link,n318,n356,1
link,n319,n296,1
link,n319,n401,1
link,n319,n288,1
link,n320,n393,1
link,n320,n235,1
link,n320,n181,1
link,n321,n128,1
link,n321,n265,1
link,n321,n473,1
link,n322,n440,1
link,n322,n432,1
link,n322,n426,1
link,n323,n11,1
link,n323,n245,1
link,n323,n86,1
link,n324,n284,1
link,n324,n192,1
link,n324,n159,1
link,n325,n273,1
link,n325,n498,1
link,n325,n217,1
link,n326,n439,1
link,n326,n90,1
link,n326,n102,1
link,n327,n496,1
link,n327,n438,1
link,n327,n405,1
link,n328,n424,1
link,n328,n363,1
link,n328,n10,1
link,n329,n326,1
link,n329,n133,1
link,n329,n169,1
link,n330,n0,1
link,n330,n74,1
link,n330,n216,1
link,n331,n154,1
link,n331,n388,1
link,n331,n495,1
link,n332,n388,1
link,n332,n47,1
link,n332,n238,1
link,n333,n351,1
link,n333,n373,1
link,n333,n358,1
link,n334,n403,1
link,n334,n343,1
link,n334,n103,1
link,n335,n102,1
link,n335,n197,1
link,n335,n131,1
link,n336,n193,1
link,n336,n447,1
link,n336,n188,1
link,n337,n50,1
link,n337,n355,1
link,n337,n308,1
link,n338,n398,1
link,n338,n274,1
link,n338,n391,1
link,n339,n496,1
link,n339,n462,1
link,n339,n98,1
link,n340,n192,1
link,n340,n367,1
link,n340,n368,1
link,n341,n264,1
link,n341,n466,1
link,n341,n157,1
link,n342,n348,1
link,n342,n180,1
link,n342,n472,1
link,n343,n153,1
link,n343,n143,1
link,n343,n111,1
link,n344,n370,1
link,n344,n337,1
link,n344,n366,1
link,n345,n401,1
link,n345,n259,1
link,n345,n495,1
link,n346,n493,1
link,n346,n426,1
link,n346,n460,1
link,n347,n283,1
link,n347,n122,1
link,n347,n413,1
link,n348,n7,1
link,n348,n428,1
link,n348,n48,1
link,n349,n279,1
link,n349,n154,1
link,n349,n241,1
link,n350,n342,1
link,n350,n186,1
link,n350,n329,1
link,n351,n22,1
link,n351,n485,1
link,n351,n146,1
link,n352,n72,1
link,n352,n130,1
link,n352,n20,1
link,n353,n400,1
link,n353,n454,1
link,n353,n322,1
link,n354,n208,1
link,n354,n436,1
link,n354,n14,1
link,n355,n377,1
link,n355,n62,1
link,n355,n181,1
link,n356,n328,1
link,n356,n186,1
link,n356,n89,1
link,n357,n96,1
link,n357,n173,1
link,n357,n122,1
link,n358,n227,1
link,n358,n155,1
link,n358,n122,1
link,n359,n285,1
link,n359,n258,1
link,n359,n207,1
link,n360,n366,1
link,n360,n79,1
link,n360,n133,1
link,n361,n88,1
link,n361,n388,1
link,n361,n397,1
link,n362,n48,1
link,n362,n286,1
link,n362,n181,1
link,n363,n95,1
link,n363,n47,1
link,n363,n315,1
link,n364,n198,1
link,n364,n488,1
link,n364,n248,1
link,n365,n29,1
link,n365,n206,1
link,n365,n123,1
link,n366,n202,1
link,n366,n494,1
link,n366,n105,1
link,n367,n91,1
link,n367,n324,1
link,n367,n154,1
link,n368,n32,1
link,n368,n485,1
link,n368,n2,1
link,n369,n119,1
link,n369,n104,1
link,n369,n443,1
link,n370,n8,1
link,n370,n299,1
link,n370,n265,1
link,n371,n405,1
link,n371,n183,1
link,n371,n165,1
link,n372,n148,1
link,n372,n57,1
link,n372,n201,1
link,n373,n351,1
link,n373,n264,1
link,n373,n287,1
link,n374,n36,1
link,n374,n422,1
link,n374,n39,1
link,n375,n129,1
link,n375,n241,1
link,n375,n24,1
link,n376,n388,1
link,n376,n485,1
link,n376,n85,1
link,n377,n102,1
link,n377,n127,1
link,n377,n6,1
link,n378,n134,1
link,n378,n208,1
link,n378,n36,1
link,n379,n121,1
link,n379,n277,1
link,n379,n309,1
link,n380,n364,1
link,n380,n227,1
link,n380,n422,1
link,n381,n67,1
link,n381,n17,1
link,n381,n337,1
link,n382,n232,1
link,n382,n391,1
link,n382,n330,1
link,n383,n230,1
link,n383,n53,1
link,n383,n244,1
link,n384,n467,1
link,n384,n420,1
link,n384,n187,1
link,n385,n278,1
link,n385,n13,1
link,n385,n283,1
link,n386,n279,1
link,n386,n84,1
link,n386,n339,1
link,n387,n475,1
link,n387,n149,1
link,n387,n259,1
link,n388,n279,1
link,n388,n50,1
link,n388,n270,1
link,n389,n417,1
link,n389,n148,1
link,n389,n467,1
link,n390,n444,1
link,n390,n345,1
link,n390,n384,1
link,n391,n267,1
link,n391,n102,1
link,n391,n342,1
link,n392,n214,1
link,n392,n201,1
link,n392,n94,1
link,n393,n299,1
link,n393,n100,1
link,n393,n302,1
link,n394,n328,1
link,n394,n495,1
link,n394,n339,1
link,n395,n17,1
link,n395,n100,1
link,n395,n55,1
link,n396,n184,1
link,n396,n82,1
link,n396,n211,1
link,n397,n32,1
link,n397,n198,1
link,n397,n322,1
link,n398,n76,1
link,n398,n335,1
link,n398,n384,1
link,n399,n130,1
link,n399,n184,1
link,n399,n136,1
link,n400,n471,1
link,n400,n151,1
link,n400,n11,1
link,n401,n160,1
link,n401,n94,1
link,n401,n215,1
link,n402,n164,1
link,n402,n177,1
link,n402,n228,1
link,n403,n367,1
link,n403,n395,1
link,n403,n358,1
link,n404,n324,1
link,n404,n37,1
link,n404,n379,1
link,n405,n33,1
link,n405,n140,1
link,n405,n352,1
link,n406,n468,1
link,n406,n66,1
link,n406,n203,1
link,n407,n440,1
link,n407,n341,1
link,n407,n345,1
link,n408,n168,1
link,n408,n171,1
link,n408,n135,1
link,n409,n224,1
link,n409,n8,1
link,n409,n138,1
link,n410,n33,1
link,n410,n87,1
link,n410,n345,1
link,n411,n0,1
link,n411,n474,1
link,n411,n213,1
link,n412,n9,1
link,n412,n234,1
link,n412,n379,1
link,n413,n93,1
link,n413,n309,1
link,n413,n380,1
link,n414,n482,1
link,n414,n112,1
link,n414,n324,1
link,n415,n438,1
link,n415,n225,1
link,n415,n287,1
link,n416,n460,1
link,n416,n485,1
link,n416,n188,1
link,n417,n213,1
link,n417,n64,1
link,n417,n51,1
link,n418,n206,1
link,n418,n306,1
link,n418,n49,1
link,n419,n415,1
link,n419,n421,1
link,n419,n494,1
link,n420,n63,1
link,n420,n378,1
link,n420,n234,1
link,n421,n218,1
link,n421,n485,1
link,n421,n114,1
link,n422,n280,1
link,n422,n293,1
link,n422,n25,1
link,n423,n347,1
link,n423,n58,1
link,n423,n211,1
link,n424,n384,1
link,n424,n90,1
link,n424,n321,1
link,n425,n373,1
link,n425,n195,1
link,n425,n423,1
link,n426,n330,1
link,n426,n394,1
link,n426,n346,1
link,n427,n153,1
link,n427,n53,1
link,n427,n330,1
link,n428,n309,1
link,n428,n399,1
link,n428,n173,1
link,n429,n57,1
link,n429,n328,1
link,n429,n336,1
link,n430,n403,1
link,n430,n356,1
link,n430,n24,1
link,n431,n366,1
link,n431,n424,1
link,n431,n322,1
link,n432,n196,1
link,n432,n361,1
link,n432,n11,1
link,n433,n279,1
link,n433,n144,1
link,n433,n495,1
link,n434,n399,1
link,n434,n486,1
link,n434,n278,1
link,n435,n214,1
link,n435,n493,1
link,n435,n229,1
link,n436,n435,1
link,n436,n193,1
link,n436,n54,1
link,n437,n148,1
link,n437,n169,1
link,n437,n302,1
link,n438,n2,1
link,n438,n302,1
link,n438,n3,1
link,n439,n273,1
link,n439,n54,1
link,n439,n69,1
link,n440,n2,1
link,n440,n370,1
link,n440,n484,1
link,n441,n152,1
link,n441,n123,1
link,n441,n126,1
link,n442,n414,1
link,n442,n165,1
link,n442,n280,1
link,n443,n400,1
link,n443,n276,1
link,n443,n216,1
link,n444,n163,1
link,n444,n192,1
link,n444,n134,1
link,n445,n289,1
link,n445,n101,1
link,n445,n102,1
link,n446,n428,1
link,n446,n64,1
link,n446,n107,1
link,n447,n24,1
link,n447,n370,1
link,n447,n443,1
link,n448,n447,1
link,n448,n31,1
link,n448,n340,1
link,n449,n184,1
link,n449,n43,1
link,n449,n254,1
link,n450,n41,1
link,n450,n85,1
link,n450,n194,1
link,n451,n477,1
link,n451,n146,1
link,n451,n283,1
link,n452,n496,1
link,n452,n135,1
link,n452,n410,1
link,n453,n427,1
link,n453,n35,1
link,n453,n477,1
link,n454,n26,1
link,n454,n246,1
link,n454,n278,1
link,n455,n151,1
link,n455,n172,1
link,n455,n64,1
link,n456,n39,1
link,n456,n491,1
link,n456,n13,1
link,n457,n312,1
link,n457,n181,1
link,n457,n189,1
link,n458,n315,1
link,n458,n22,1
link,n458,n178,1
link,n459,n133,1
link,n459,n238,1
link,n459,n332,1
link,n460,n250,1
link,n460,n288,1
link,n460,n255,1
link,n461,n36,1
link,n461,n193,1
link,n461,n304,1
link,n462,n212,1
link,n462,n233,1
link,n462,n347,1
link,n463,n159,1
link,n463,n458,1
link,n463,n253,1
link,n464,n360,1
link,n464,n111,1
link,n464,n121,1
link,n465,n32,1
link,n465,n289,1
link,n465,n474,1
link,n466,n397,1
link,n466,n233,1
link,n466,n316,1
link,n467,n121,1
link,n467,n113,1
link,n467,n233,1
link,n468,n487,1
link,n468,n159,1
link,n468,n276,1
link,n469,n258,1
link,n469,n300,1
link,n469,n433,1
link,n470,n442,1
link,n470,n193,1
link,n470,n179,1
link,n471,n206,1
link,n471,n94,1
link,n471,n147,1
link,n472,n339,1
link,n472,n50,1
link,n472,n178,1
link,n473,n313,1
link,n473,n56,1
link,n473,n55,1
link,n474,n251,1
link,n474,n325,1
link,n474,n28,1
link,n475,n125,1
link,n475,n280,1
link,n475,n220,1
link,n476,n275,1
link,n476,n404,1
link,n476,n465,1
link,n477,n470,1
link,n477,n434,1
link,n477,n291,1
link,n478,n112,1
link,n478,n369,1
link,n478,n405,1
link,n479,n263,1
link,n479,n44,1
link,n479,n7,1
link,n480,n347,1
link,n480,n446,1
link,n480,n291,1
link,n481,n373,1
link,n481,n369,1
link,n481,n21,1
link,n482,n26,1
link,n482,n11,1
link,n482,n354,1
link,n483,n467,1
link,n483,n310,1
link,n483,n314,1
link,n484,n137,1
link,n484,n9,1
link,n484,n166,1
link,n485,n121,1
link,n485,n443,1
link,n485,n286,1
link,n486,n317,1
link,n486,n290,1
link,n486,n64,1
link,n487,n225,1
link,n487,n119,1
link,n487,n168,1
link,n488,n59,1
link,n488,n421,1
link,n488,n99,1
link,n489,n94,1
link,n489,n266,1
link,n489,n460,1
link,n490,n487,1
link,n490,n0,1
link,n490,n234,1
link,n491,n106,1
link,n491,n438,1
link,n491,n400,1
link,n492,n399,1
link,n492,n437,1
link,n492,n73,1
link,n493,n331,1
link,n493,n461,1
link,n493,n28,1
link,n494,n242,1
link,n494,n447,1
link,n494,n257,1
link,n495,n8,1
link,n495,n211,1
link,n495,n45,1
link,n496,n347,1
link,n496,n474,1
link,n496,n386,1
link,n497,n208,1
link,n497,n272,1
link,n497,n343,1
link,n498,n304,1
link,n498,n241,1
link,n498,n333,1
link,n499,n318,1
link,n499,n419,1
link,n499,n386,1
